
 16

((((((((Jsco: 0.005641, Jpho: 0.006155): 0.001540, Joxy: 0.006714): 0.003744, Cfun: 0.008926): 0.001093, Xvie: 0.007374): 0.010433, Pla: 0.018002): 0.011316, (Chamfo: 0.006451, Fokhod: 0.007728): 0.009239): 0.001958, (Tdol: 0.008622, ((Tst: 0.002950, Tsut: 0.004480): 0.000673, (Tpli: 0.002747, (Toc2: 0.002992, Tko: 0.004225): 0.000396): 0.000278): 0.004490): 0.008687): 0.004591, Pp: 0.045377, SEGI: 0.050640);

  0.004591  0.001958  0.011316  0.010433  0.001093  0.003744  0.001540  0.005641  0.006155  0.006714  0.008926  0.007374  0.018002  0.009239  0.006451  0.007728  0.008687  0.008622  0.004490  0.000673  0.002950  0.004480  0.000278  0.002747  0.000396  0.002992  0.004225  0.045377  0.050640

 -8.779315  5.254016  8.380201  0.394030 -52.316903 -8.796007 -24.893175 -2.162440  6.065157 -5.339050  1.512702  9.808997  2.194505  3.375130 -0.328500 -1.794065 -2.030110 -0.981072 -6.909659 -197.344744 -12.799354 -13.350069 -918.237042 -18.321167 -414.910827 -19.786111 -11.250568 -4.462279  0.889757


Hessian

 -7.899e+07 -2.709e+06 -8.778e+05  5.665e+05  1.068e+06  9.199e+05  5.258e+05  1.553e+06  1.408e+06  1.138e+06  1.288e+06  1.413e+06  9.905e+05 -7.721e+05  5.906e+05  6.205e+05 -1.318e+06  1.062e+06   6.19e+05  1.589e+06  1.243e+06  1.421e+06   2.01e+06  7.312e+05  1.443e+06  1.312e+06   1.51e+06 -4.252e+06 -3.504e+06
 -2.709e+06  -2.65e+08 -3.438e+06     -3e+05  8.498e+05  2.791e+05  1.776e+04  1.142e+06  1.479e+06  1.459e+06  1.079e+06  8.382e+05  5.843e+05 -6.235e+06  1.628e+05  5.638e+05 -1.228e+07  8.558e+05 -5.607e+05 -1.873e+05  8.144e+05  1.451e+06  -2.91e+06 -1.057e+06 -6.837e+05   1.11e+06  1.095e+06  1.736e+05    2.8e+05
 -8.778e+05 -3.438e+06 -5.802e+07 -1.429e+06   1.18e+04  6.643e+05 -6.808e+05  1.016e+06  1.003e+06  1.112e+06  9.081e+05   8.18e+05  3.465e+05 -9.961e+05  3.729e+05  6.227e+05 -8.292e+05  7.745e+05  7.995e+04  9.674e+05   1.34e+06  1.471e+06  5.746e+05  3.568e+05 -6.828e+05  1.093e+06  8.428e+05  3.015e+05  7.562e+05
  5.665e+05     -3e+05 -1.429e+06 -6.333e+07 -4.569e+06 -1.697e+06 -1.052e+06  5.616e+05 -1.306e+05  3.525e+05 -1.007e+06 -5.817e+05 -3.136e+05  3.217e+05  4.485e+05  7.174e+05  1.255e+05  8.941e+05  2.554e+05  2.073e+05   1.08e+06  9.805e+05  6.948e+05  9.336e+05 -8.633e+05  1.115e+06  1.139e+06  7.726e+05  9.579e+05
  1.068e+06  8.498e+05   1.18e+04 -4.569e+06 -5.438e+08 -8.543e+06 -5.644e+06       4099 -5.418e+06  -6.52e+05 -2.885e+06 -1.128e+07  3.842e+05  6.385e+04  5.456e+05  5.053e+05 -4.331e+05 -2.808e+06  4.561e+05 -1.491e+07 -2.457e+05 -1.139e+06 -9.122e+06 -2.321e+06  1.041e+06 -3.741e+06  -5.56e+06  5.257e+05  1.212e+06
  9.199e+05  2.791e+05  6.643e+05 -1.697e+06 -8.543e+06 -1.775e+08 -6.805e+06 -2.331e+06 -2.317e+06 -3.014e+06 -3.662e+06 -3.333e+06  1.288e+05  8.142e+05  2.269e+05  3.132e+05   1.05e+06  3.996e+05  9.959e+05 -8.245e+05 -8.324e+05  2.744e+05 -4.238e+05  7.107e+05 -5.456e+05  4.199e+05 -7.987e+05  9.675e+05  9.334e+05
  5.258e+05  1.776e+04 -6.808e+05 -1.052e+06 -5.644e+06 -6.805e+06 -4.326e+08 -5.127e+06 -3.515e+06 -3.774e+06 -1.595e+06 -1.486e+06  6.851e+04    4.6e+05 -1.133e+06 -2.287e+06  1.308e+06 -1.085e+06  4.764e+05 -1.092e+06  2.289e+05  1.423e+06 -3.103e+06 -5.836e+06  -3.87e+05  4.066e+04 -4.463e+06  7.498e+05  1.236e+06
  1.553e+06  1.142e+06  1.016e+06  5.616e+05       4099 -2.331e+06 -5.127e+06 -1.281e+08 -2.299e+06 -2.394e+06      -4033 -1.438e+06  7.884e+05  1.092e+06 -1.404e+05 -6.716e+04  1.304e+06 -9.245e+05  1.206e+06  1.119e+06  -1.09e+06 -5.013e+05  9.965e+05  3.071e+05  4.371e+05  1.177e+06 -2.004e+06  1.147e+06  1.139e+06
  1.408e+06  1.479e+06  1.003e+06 -1.306e+05 -5.418e+06 -2.317e+06 -3.515e+06 -2.299e+06 -1.168e+08 -1.861e+06 -1.162e+05  2.355e+05  8.457e+05  1.191e+06  1.055e+06    3.1e+05  1.118e+06 -8.167e+05  1.092e+06  4.907e+04 -7.843e+05 -5.256e+05  1.363e+05  -1.23e+05  4.048e+05 -2.403e+06 -6.872e+05  9.798e+05  1.189e+06
  1.138e+06  1.459e+06  1.112e+06  3.525e+05  -6.52e+05 -3.014e+06 -3.774e+06 -2.394e+06 -1.861e+06 -1.071e+08  -5.31e+05 -1.672e+06  7.798e+05  1.109e+06  5.783e+05  2.671e+05  1.176e+06 -5.048e+05  1.094e+06 -2.927e+06  -7.56e+05 -2.049e+06  1.509e+06  8.318e+05  1.032e+06  4.038e+05 -3.109e+06  9.134e+05  1.151e+06
  1.288e+06  1.079e+06  9.081e+05 -1.007e+06 -2.885e+06 -3.662e+06 -1.595e+06      -4033 -1.162e+05  -5.31e+05 -7.992e+07 -2.188e+06  5.717e+05  1.068e+06  8.754e+05  1.101e+06   1.09e+06  8.241e+05  7.583e+05  -2.21e+06  7.923e+05  6.164e+05 -9.002e+05  5.382e+05  8.814e+05  8.728e+05  6.734e+05  9.967e+05  1.164e+06
  1.413e+06  8.382e+05   8.18e+05 -5.817e+05 -1.128e+07 -3.333e+06 -1.486e+06 -1.438e+06  2.355e+05 -1.672e+06 -2.188e+06 -9.491e+07  9.064e+05  7.799e+05  9.082e+05   8.53e+05  9.484e+05 -8.859e+05  1.087e+06 -3.852e+06   1.45e+05 -1.773e+06   1.28e+06  3.851e+05  4.535e+05  3.662e+05 -2.178e+06  1.062e+06  1.267e+06
  9.905e+05  5.843e+05  3.465e+05 -3.136e+05  3.842e+05  1.288e+05  6.851e+04  7.884e+05  8.457e+05  7.798e+05  5.717e+05  9.064e+05 -3.814e+07   4.82e+05   7.38e+05  7.225e+05  6.906e+05   8.74e+05  5.714e+05  4.054e+05  4.513e+05  1.249e+06 -3.526e+05  4.293e+05  2.526e+04  2.979e+05  1.131e+06  7.521e+05  1.024e+06
 -7.721e+05 -6.235e+06 -9.961e+05  3.217e+05  6.385e+04  8.142e+05    4.6e+05  1.092e+06  1.191e+06  1.109e+06  1.068e+06  7.799e+05   4.82e+05 -7.037e+07 -4.679e+05 -2.692e+06 -1.556e+06  4.985e+05  -3.01e+05 -3.521e+05  9.055e+05  1.431e+06 -2.201e+05  4.145e+05  1.663e+05  7.312e+05  1.072e+06  4.665e+05  6.647e+05
  5.906e+05  1.628e+05  3.729e+05  4.485e+05  5.456e+05  2.269e+05 -1.133e+06 -1.404e+05  1.055e+06  5.783e+05  8.754e+05  9.082e+05   7.38e+05 -4.679e+05 -1.031e+08 -1.853e+06  6.014e+05  3.175e+05  3.851e+05   7.67e+05  2.016e+05  7.608e+05  1.526e+06 -9.037e+04   6.66e+05  3.664e+05  2.925e+05  8.677e+05   8.25e+05
  6.205e+05  5.638e+05  6.227e+05  7.174e+05  5.053e+05  3.132e+05 -2.287e+06 -6.716e+04    3.1e+05  2.671e+05  1.101e+06   8.53e+05  7.225e+05 -2.692e+06 -1.853e+06  -8.85e+07  6.708e+05 -6.839e+05  8.654e+04  7.102e+04 -2.326e+06 -4.986e+04  1.037e+06 -1.217e+06  -6.66e+05  7.381e+05 -3.092e+06  7.905e+05   1.08e+06
 -1.318e+06 -1.228e+07 -8.292e+05  1.255e+05 -4.331e+05   1.05e+06  1.308e+06  1.304e+06  1.118e+06  1.176e+06   1.09e+06  9.484e+05  6.906e+05 -1.556e+06  6.014e+05  6.708e+05 -7.563e+07  3.982e+05 -2.742e+06 -2.326e+06  7.355e+04   8.37e+05 -4.015e+06 -2.066e+06 -2.807e+06 -4.032e+05  5.952e+05  5.601e+05  5.198e+05
  1.062e+06  8.558e+05  7.745e+05  8.941e+05 -2.808e+06  3.996e+05 -1.085e+06 -9.245e+05 -8.167e+05 -5.048e+05  8.241e+05 -8.859e+05   8.74e+05  4.985e+05  3.175e+05 -6.839e+05  3.982e+05 -8.107e+07 -2.847e+06 -5.076e+06 -4.161e+06 -9.596e+06 -7.563e+06 -6.833e+05  -1.78e+06 -1.962e+05  -9.21e+06  7.121e+05  1.027e+06
   6.19e+05 -5.607e+05  7.995e+04  2.554e+05  4.561e+05  9.959e+05  4.764e+05  1.206e+06  1.092e+06  1.094e+06  7.583e+05  1.087e+06  5.714e+05  -3.01e+05  3.851e+05  8.654e+04 -2.742e+06 -2.847e+06 -1.538e+08 -3.448e+06 -4.615e+06 -5.047e+06 -9.052e+06 -7.285e+06  -6.58e+06 -4.836e+06 -3.728e+06   8.79e+05  9.589e+05
  1.589e+06 -1.873e+05  9.674e+05  2.073e+05 -1.491e+07 -8.245e+05 -1.092e+06  1.119e+06  4.907e+04 -2.927e+06  -2.21e+06 -3.852e+06  4.054e+05 -3.521e+05   7.67e+05  7.102e+04 -2.326e+06 -5.076e+06 -3.448e+06 -9.795e+08 -9.136e+06  -4.17e+06 -1.233e+08 -1.153e+07 -3.317e+07 -2.375e+07 -3.417e+07  3.637e+04  1.454e+06
  1.243e+06  8.144e+05   1.34e+06   1.08e+06 -2.457e+05 -8.324e+05  2.289e+05  -1.09e+06 -7.843e+05  -7.56e+05  7.923e+05   1.45e+05  4.513e+05  9.055e+05  2.016e+05 -2.326e+06  7.355e+04 -4.161e+06 -4.615e+06 -9.136e+06 -2.516e+08 -1.617e+06 -1.055e+07 -9.237e+06 -3.217e+07 -9.151e+06 -1.484e+07  7.878e+05  1.278e+06
  1.421e+06  1.451e+06  1.471e+06  9.805e+05 -1.139e+06  2.744e+05  1.423e+06 -5.013e+05 -5.256e+05 -2.049e+06  6.164e+05 -1.773e+06  1.249e+06  1.431e+06  7.608e+05 -4.986e+04   8.37e+05 -9.596e+06 -5.047e+06  -4.17e+06 -1.617e+06 -1.645e+08 -4.142e+06 -7.497e+06 -1.766e+07 -4.226e+06 -2.172e+07  9.408e+05  1.379e+06
   2.01e+06  -2.91e+06  5.746e+05  6.948e+05 -9.122e+06 -4.238e+05 -3.103e+06  9.965e+05  1.363e+05  1.509e+06 -9.002e+05   1.28e+06 -3.526e+05 -2.201e+05  1.526e+06  1.037e+06 -4.015e+06 -7.563e+06 -9.052e+06 -1.233e+08 -1.055e+07 -4.142e+06 -1.937e+09 -3.507e+07 -1.517e+07 -2.096e+07 -1.251e+07   9.72e+05  9.515e+05
  7.312e+05 -1.057e+06  3.568e+05  9.336e+05 -2.321e+06  7.107e+05 -5.836e+06  3.071e+05  -1.23e+05  8.318e+05  5.382e+05  3.851e+05  4.293e+05  4.145e+05 -9.037e+04 -1.217e+06 -2.066e+06 -6.833e+05 -7.285e+06 -1.153e+07 -9.237e+06 -7.497e+06 -3.507e+07 -2.692e+08 -1.832e+07 -1.656e+07 -1.251e+07  1.027e+06  1.192e+06
  1.443e+06 -6.837e+05 -6.828e+05 -8.633e+05  1.041e+06 -5.456e+05  -3.87e+05  4.371e+05  4.048e+05  1.032e+06  8.814e+05  4.535e+05  2.526e+04  1.663e+05   6.66e+05  -6.66e+05 -2.807e+06  -1.78e+06  -6.58e+06 -3.317e+07 -3.217e+07 -1.766e+07 -1.517e+07 -1.832e+07 -1.661e+09  -1.37e+07  -8.33e+06    4.9e+05  8.835e+05
  1.312e+06   1.11e+06  1.093e+06  1.115e+06 -3.741e+06  4.199e+05  4.066e+04  1.177e+06 -2.403e+06  4.038e+05  8.728e+05  3.662e+05  2.979e+05  7.312e+05  3.664e+05  7.381e+05 -4.032e+05 -1.962e+05 -4.836e+06 -2.375e+07 -9.151e+06 -4.226e+06 -2.096e+07 -1.656e+07  -1.37e+07 -2.413e+08 -3.458e+06  9.695e+05  8.995e+05
   1.51e+06  1.095e+06  8.428e+05  1.139e+06  -5.56e+06 -7.987e+05 -4.463e+06 -2.004e+06 -6.872e+05 -3.109e+06  6.734e+05 -2.178e+06  1.131e+06  1.072e+06  2.925e+05 -3.092e+06  5.952e+05  -9.21e+06 -3.728e+06 -3.417e+07 -1.484e+07 -2.172e+07 -1.251e+07 -1.251e+07  -8.33e+06 -3.458e+06 -1.749e+08  8.898e+05  1.314e+06
 -4.252e+06  1.736e+05  3.015e+05  7.726e+05  5.257e+05  9.675e+05  7.498e+05  1.147e+06  9.798e+05  9.134e+05  9.967e+05  1.062e+06  7.521e+05  4.665e+05  8.677e+05  7.905e+05  5.601e+05  7.121e+05   8.79e+05  3.637e+04  7.878e+05  9.408e+05   9.72e+05  1.027e+06    4.9e+05  9.695e+05  8.898e+05 -1.286e+07  1.149e+06
 -3.504e+06    2.8e+05  7.562e+05  9.579e+05  1.212e+06  9.334e+05  1.236e+06  1.139e+06  1.189e+06  1.151e+06  1.164e+06  1.267e+06  1.024e+06  6.647e+05   8.25e+05   1.08e+06  5.198e+05  1.027e+06  9.589e+05  1.454e+06  1.278e+06  1.379e+06  9.515e+05  1.192e+06  8.835e+05  8.995e+05  1.314e+06  1.149e+06 -1.132e+07

 16

((((((((Jsco: 0.004933, Jpho: 0.005227): 0.001328, Joxy: 0.005969): 0.003100, Cfun: 0.007654): 0.000958, Xvie: 0.006445): 0.008480, Pla: 0.014923): 0.009545, (Chamfo: 0.005647, Fokhod: 0.006781): 0.007711): 0.001419, (Tdol: 0.007407, ((Tst: 0.002588, Tsut: 0.003912): 0.000553, (Tpli: 0.002427, (Toc2: 0.002536, Tko: 0.003567): 0.000384): 0.000278): 0.003955): 0.007072): 0.003729, Pp: 0.037229, SEGI: 0.041291);

  0.003729  0.001419  0.009545  0.008480  0.000958  0.003100  0.001328  0.004933  0.005227  0.005969  0.007654  0.006445  0.014923  0.007711  0.005647  0.006781  0.007072  0.007407  0.003955  0.000553  0.002588  0.003912  0.000278  0.002427  0.000384  0.002536  0.003567  0.037229  0.041291

  5.341590 -83.779901  2.413536 -7.013918 -109.268149 -10.037067 -82.735932 -9.561750 -6.934703  2.094037 -2.922936  1.344662 -13.116359 -8.032994 -20.004183 -1.969199  1.644957 -12.078846 10.317247 -270.624308 -18.392587 -0.654604 -903.208245 -15.314523 -505.286661 -16.979184 -2.763738  1.687482  5.435109


Hessian

 -9.768e+07 -3.956e+06 -1.327e+06  5.082e+05  7.167e+05  1.122e+06  2.702e+05  1.371e+06  1.401e+06  1.746e+06  1.412e+06  1.492e+06  8.044e+05 -9.991e+05  1.083e+06  9.523e+05 -2.081e+06  1.375e+06  7.581e+05  1.729e+06  1.778e+06  2.097e+06  1.238e+05  1.032e+06  9.115e+05  1.175e+06  1.816e+06 -5.167e+06 -4.332e+06
 -3.956e+06 -3.589e+08 -4.842e+06  -2.88e+05  9.016e+05 -8.102e+05 -3.809e+05  1.177e+06  1.242e+06  1.552e+06  1.053e+06  1.156e+06  2.053e+05   -7.9e+06 -2.589e+05 -2.568e+04 -1.578e+07  1.291e+06 -6.841e+05 -1.622e+06  2.019e+06  1.051e+06  5.777e+05  -2.74e+06 -3.031e+06  1.057e+06  9.625e+05 -2.691e+04  1.577e+05
 -1.327e+06 -4.842e+06   -6.9e+07 -1.911e+06   6.33e+05 -2.152e+05 -1.548e+06  1.582e+06  1.069e+06  1.443e+06  9.877e+05  1.373e+06  4.079e+05 -9.655e+05  3.801e+05  7.794e+05 -1.447e+06  9.165e+05  9.426e+04    1.3e+06   1.55e+06  1.724e+06 -5.211e+05   6.21e+05  6.834e+05  1.073e+06  1.371e+06  2.772e+05  8.693e+05
  5.082e+05  -2.88e+05 -1.911e+06 -7.818e+07 -5.966e+06 -1.845e+06 -1.349e+06  8.708e+05  2.482e+05  4.683e+05  -1.51e+06  -6.66e+05 -4.413e+05  7.312e+05  9.932e+05  8.864e+05  2.713e+05  8.672e+05  7.636e+05  1.789e+06  1.699e+06  1.083e+06 -4.277e+05  8.458e+05 -2.162e+05  2.913e+05  1.557e+06  7.954e+05  1.045e+06
  7.167e+05  9.016e+05   6.33e+05 -5.966e+06 -6.235e+08 -1.153e+07 -4.467e+06 -1.951e+05 -6.255e+06 -1.948e+05 -3.441e+06 -1.214e+07  8.844e+05  1.317e+06  1.374e+06  6.774e+05 -4.208e+05 -4.038e+06  2.406e+05 -1.487e+07 -2.797e+05 -5.297e+05 -7.466e+06 -3.466e+06  3.537e+06 -3.518e+06 -4.134e+06  9.253e+05  1.576e+06
  1.122e+06 -8.102e+05 -2.152e+05 -1.845e+06 -1.153e+07 -2.146e+08 -7.492e+06  -2.67e+06 -2.706e+06 -3.306e+06 -4.494e+06 -3.772e+06  1.351e+05  1.159e+06  5.445e+05  2.272e+05  7.747e+05  4.712e+05   6.21e+05  1.382e+05  1.147e+05  6.541e+05 -8.203e+05  8.504e+05 -7.502e+05  1.162e+05 -1.247e+05  9.919e+05  1.425e+06
  2.702e+05 -3.809e+05 -1.548e+06 -1.349e+06 -4.467e+06 -7.492e+06  -5.06e+08 -5.994e+06 -4.343e+06 -3.532e+06 -1.016e+05 -1.886e+06  5.228e+05  5.717e+05  -7.08e+05 -1.418e+06  6.127e+05 -1.903e+06  9.356e+05 -1.025e+05 -1.148e+05  1.058e+06 -3.479e+06 -6.307e+06 -2.579e+06  1.352e+06 -6.766e+06   1.21e+06  1.563e+06
  1.371e+06  1.177e+06  1.582e+06  8.708e+05 -1.951e+05  -2.67e+06 -5.994e+06 -1.471e+08 -2.437e+06 -2.503e+06 -2.068e+05 -1.511e+06  1.045e+06  1.732e+06  1.013e+05 -3.673e+05  1.728e+06 -1.108e+06  1.456e+06  1.089e+06 -8.104e+05 -3.503e+05  1.952e+06  1.484e+06  2.405e+05  9.822e+05 -2.002e+06  1.393e+06  1.474e+06
  1.401e+06  1.242e+06  1.069e+06  2.482e+05 -6.255e+06 -2.706e+06 -4.343e+06 -2.437e+06  -1.38e+08 -2.067e+06  1.372e+05 -1.275e+04  1.195e+06  1.092e+06  1.855e+06  7.727e+05  1.599e+06 -4.479e+05  1.383e+06  1.055e+06 -4.954e+05 -2.921e+05  9.503e+05  6.264e+05  8.091e+05 -1.958e+06 -3.917e+05  1.282e+06  1.455e+06
  1.746e+06  1.552e+06  1.443e+06  4.683e+05 -1.948e+05 -3.306e+06 -3.532e+06 -2.503e+06 -2.067e+06  -1.21e+08 -5.812e+05  -1.71e+06  1.063e+06  1.756e+06  1.171e+06  3.841e+04  1.387e+06 -5.809e+05  1.364e+06 -4.004e+06 -1.296e+06 -2.667e+06  1.892e+06  7.604e+05  1.568e+06  1.583e+06 -3.383e+06  1.122e+06  1.391e+06
  1.412e+06  1.053e+06  9.877e+05  -1.51e+06 -3.441e+06 -4.494e+06 -1.016e+05 -2.068e+05  1.372e+05 -5.812e+05  -9.35e+07 -2.189e+06  8.101e+05  1.001e+06  1.257e+06  1.166e+06  8.997e+05   5.79e+05  9.303e+05 -2.275e+06  1.125e+06  6.893e+05 -5.415e+05  1.474e+05    1.5e+06  9.889e+05  1.314e+06   1.19e+06  1.403e+06
  1.492e+06  1.156e+06  1.373e+06  -6.66e+05 -1.214e+07 -3.772e+06 -1.886e+06 -1.511e+06 -1.275e+04  -1.71e+06 -2.189e+06 -1.093e+08  1.018e+06  1.469e+06   9.98e+05  6.459e+05  1.028e+06 -8.003e+05  8.688e+05 -3.378e+06   7.31e+05 -2.803e+06  2.819e+05  2.888e+05  1.569e+06  2.568e+05 -2.206e+06  1.229e+06  1.568e+06
  8.044e+05  2.053e+05  4.079e+05 -4.413e+05  8.844e+05  1.351e+05  5.228e+05  1.045e+06  1.195e+06  1.063e+06  8.101e+05  1.018e+06 -4.625e+07  5.176e+05  1.051e+06  7.285e+05  8.458e+05  1.105e+06  9.714e+05  6.509e+05  7.832e+05  1.542e+06 -2.256e+05  6.911e+05   1.44e+06  6.888e+05  1.535e+06  9.919e+05   1.13e+06
 -9.991e+05   -7.9e+06 -9.655e+05  7.312e+05  1.317e+06  1.159e+06  5.717e+05  1.732e+06  1.092e+06  1.756e+06  1.001e+06  1.469e+06  5.176e+05 -8.443e+07 -6.242e+05  -3.32e+06 -2.017e+06  7.152e+05 -7.711e+05  4.853e+05  1.449e+06  1.303e+06  1.495e+05  6.568e+05  3.167e+05  3.496e+05  1.053e+06  6.367e+05   7.62e+05
  1.083e+06 -2.589e+05  3.801e+05  9.932e+05  1.374e+06  5.445e+05  -7.08e+05  1.013e+05  1.855e+06  1.171e+06  1.257e+06   9.98e+05  1.051e+06 -6.242e+05 -1.179e+08 -1.928e+06 -1.004e+05  3.814e+05    1.6e+05  9.232e+05  5.365e+05  9.324e+05 -1.314e+05 -8.185e+05  -1.07e+06  8.526e+05  2.912e+05  9.081e+05  1.144e+06
  9.523e+05 -2.568e+04  7.794e+05  8.864e+05  6.774e+05  2.272e+05 -1.418e+06 -3.673e+05  7.727e+05  3.841e+04  1.166e+06  6.459e+05  7.285e+05  -3.32e+06 -1.928e+06 -1.011e+08  5.378e+05 -9.376e+05  7.969e+05 -7.785e+04 -2.537e+06 -6.844e+05  6.074e+05 -1.011e+06   3.59e+05  2.996e+05 -4.323e+06  8.601e+05  1.113e+06
 -2.081e+06 -1.578e+07 -1.447e+06  2.713e+05 -4.208e+05  7.747e+05  6.127e+05  1.728e+06  1.599e+06  1.387e+06  8.997e+05  1.028e+06  8.458e+05 -2.017e+06 -1.004e+05  5.378e+05 -9.346e+07    7.6e+05 -2.989e+06 -2.982e+06  9.825e+05  1.247e+06 -4.652e+06 -1.817e+06  4.095e+05  1.236e+04  4.788e+05  6.183e+05  7.713e+05
  1.375e+06  1.291e+06  9.165e+05  8.672e+05 -4.038e+06  4.712e+05 -1.903e+06 -1.108e+06 -4.479e+05 -5.809e+05   5.79e+05 -8.003e+05  1.105e+06  7.152e+05  3.814e+05 -9.376e+05    7.6e+05 -9.492e+07 -2.361e+06  -6.12e+06 -4.162e+06 -9.604e+06  -5.96e+06   -7.9e+05   -2.9e+05 -7.002e+05 -1.013e+07   9.61e+05  1.378e+06
  7.581e+05 -6.841e+05  9.426e+04  7.636e+05  2.406e+05   6.21e+05  9.356e+05  1.456e+06  1.383e+06  1.364e+06  9.303e+05  8.688e+05  9.714e+05 -7.711e+05    1.6e+05  7.969e+05 -2.989e+06 -2.361e+06 -1.761e+08 -4.804e+06 -5.225e+06 -4.979e+06 -8.893e+06 -8.374e+06 -8.943e+06 -7.876e+06 -4.609e+06  9.969e+05  1.133e+06
  1.729e+06 -1.622e+06    1.3e+06  1.789e+06 -1.487e+07  1.382e+05 -1.025e+05  1.089e+06  1.055e+06 -4.004e+06 -2.275e+06 -3.378e+06  6.509e+05  4.853e+05  9.232e+05 -7.785e+04 -2.982e+06  -6.12e+06 -4.804e+06 -1.179e+09  -1.35e+07 -5.375e+06 -1.156e+08 -1.515e+07  -4.77e+07 -3.507e+07 -4.169e+07 -3.646e+05   1.37e+06
  1.778e+06  2.019e+06   1.55e+06  1.699e+06 -2.797e+05  1.147e+05 -1.148e+05 -8.104e+05 -4.954e+05 -1.296e+06  1.125e+06   7.31e+05  7.832e+05  1.449e+06  5.365e+05 -2.537e+06  9.825e+05 -4.162e+06 -5.225e+06  -1.35e+07 -2.878e+08 -1.914e+06 -1.127e+07 -1.076e+07 -3.818e+07 -8.252e+06 -1.629e+07  1.335e+06  1.593e+06
  2.097e+06  1.051e+06  1.724e+06  1.083e+06 -5.297e+05  6.541e+05  1.058e+06 -3.503e+05 -2.921e+05 -2.667e+06  6.893e+05 -2.803e+06  1.542e+06  1.303e+06  9.324e+05 -6.844e+05  1.247e+06 -9.604e+06 -4.979e+06 -5.375e+06 -1.914e+06 -1.892e+08 -4.002e+06  -7.47e+06 -2.144e+07 -5.695e+06 -2.541e+07  1.184e+06  1.653e+06
  1.238e+05  5.777e+05 -5.211e+05 -4.277e+05 -7.466e+06 -8.203e+05 -3.479e+06  1.952e+06  9.503e+05  1.892e+06 -5.415e+05  2.819e+05 -2.256e+05  1.495e+05 -1.314e+05  6.074e+05 -4.652e+06  -5.96e+06 -8.893e+06 -1.156e+08 -1.127e+07 -4.002e+06 -2.065e+09  -3.62e+07 -1.902e+07 -2.243e+07 -1.513e+07  1.055e+06  1.144e+06
  1.032e+06  -2.74e+06   6.21e+05  8.458e+05 -3.466e+06  8.504e+05 -6.307e+06  1.484e+06  6.264e+05  7.604e+05  1.474e+05  2.888e+05  6.911e+05  6.568e+05 -8.185e+05 -1.011e+06 -1.817e+06   -7.9e+05 -8.374e+06 -1.515e+07 -1.076e+07  -7.47e+06  -3.62e+07 -3.062e+08 -2.014e+07 -1.645e+07 -1.338e+07  1.278e+06  1.216e+06
  9.115e+05 -3.031e+06  6.834e+05 -2.162e+05  3.537e+06 -7.502e+05 -2.579e+06  2.405e+05  8.091e+05  1.568e+06    1.5e+06  1.569e+06   1.44e+06  3.167e+05  -1.07e+06   3.59e+05  4.095e+05   -2.9e+05 -8.943e+06  -4.77e+07 -3.818e+07 -2.144e+07 -1.902e+07 -2.014e+07 -1.718e+09 -1.543e+07 -1.099e+07  1.317e+06  6.054e+05
  1.175e+06  1.057e+06  1.073e+06  2.913e+05 -3.518e+06  1.162e+05  1.352e+06  9.822e+05 -1.958e+06  1.583e+06  9.889e+05  2.568e+05  6.888e+05  3.496e+05  8.526e+05  2.996e+05  1.236e+04 -7.002e+05 -7.876e+06 -3.507e+07 -8.252e+06 -5.695e+06 -2.243e+07 -1.645e+07 -1.543e+07 -2.857e+08 -4.168e+06  1.273e+06  1.121e+06
  1.816e+06  9.625e+05  1.371e+06  1.557e+06 -4.134e+06 -1.247e+05 -6.766e+06 -2.002e+06 -3.917e+05 -3.383e+06  1.314e+06 -2.206e+06  1.535e+06  1.053e+06  2.912e+05 -4.323e+06  4.788e+05 -1.013e+07 -4.609e+06 -4.169e+07 -1.629e+07 -2.541e+07 -1.513e+07 -1.338e+07 -1.099e+07 -4.168e+06 -2.078e+08  1.113e+06  1.656e+06
 -5.167e+06 -2.691e+04  2.772e+05  7.954e+05  9.253e+05  9.919e+05   1.21e+06  1.393e+06  1.282e+06  1.122e+06   1.19e+06  1.229e+06  9.919e+05  6.367e+05  9.081e+05  8.601e+05  6.183e+05   9.61e+05  9.969e+05 -3.646e+05  1.335e+06  1.184e+06  1.055e+06  1.278e+06  1.317e+06  1.273e+06  1.113e+06 -1.575e+07  1.435e+06
 -4.332e+06  1.577e+05  8.693e+05  1.045e+06  1.576e+06  1.425e+06  1.563e+06  1.474e+06  1.455e+06  1.391e+06  1.403e+06  1.568e+06   1.13e+06   7.62e+05  1.144e+06  1.113e+06  7.713e+05  1.378e+06  1.133e+06   1.37e+06  1.593e+06  1.653e+06  1.144e+06  1.216e+06  6.054e+05  1.121e+06  1.656e+06  1.435e+06 -1.402e+07
